0	10	0	0	5	0.15	0	0	0	70.90909091	0.02375	0.01	0	0	0.025	0	0	0	0	0	0.006272727	0	0	0.13	66.36363636	7	0.02	1	0	0.028333333	0	177.2727273	0	0	0.115	0	0.684545455	6	0	0	0.015	0	1.555555556	0.365454545	0.135454545	0.063636364	0.006545455	0.553636364	54.73818182	0.02375	0.024	0.004363636	0.049090909	4.011111111	0	0.2186875	0	43	16.16189255	0.194216369	1.940797852	391213.7855	5	2.5	54430.47066	3207.631556
0	10	0	0	5	0.15	0	0	0	70.90909091	0.02375	0.01	0	0	0.025	0	0	0	0	0	0.006272727	0	0	0.13	66.36363636	7	0.02	1	0	0.028333333	0	177.2727273	0	0	0.115	0	0.684545455	6	0	0	0.015	0	1.555555556	0.365454545	0.135454545	0.063636364	0.006545455	0.553636364	54.73818182	0.02375	0.024	0.004363636	0.049090909	4.011111111	0	0.2186875	0	43	16.16189255	0.194216369	1.632652315	391213.7855	15	2.5	55808.06836	2877.877274
0	10	0	0	5	0.15	0	0	0	70.90909091	0.02375	0.01	0	0	0.025	0	0	0	0	0	0.006272727	0	0	0.13	66.36363636	7	0.02	1	0	0.028333333	0	177.2727273	0	0	0.115	0	0.684545455	6	0	0	0.015	0	1.555555556	0.365454545	0.135454545	0.063636364	0.006545455	0.553636364	54.73818182	0.02375	0.024	0.004363636	0.049090909	4.011111111	0	0.2186875	0	43	16.16189255	0.194216369	4.604048911	391213.7855	25	2.5	64473.31093	3655.959742
0	10	0	0	5	0.15	0	0	0	70.90909091	0.02375	0.01	0	0	0.025	0	0	0	0	0	0.006272727	0	0	0.13	66.36363636	7	0.02	1	0	0.028333333	0	177.2727273	0	0	0.115	0	0.684545455	6	0	0	0.015	0	1.555555556	0.365454545	0.135454545	0.063636364	0.006545455	0.553636364	54.73818182	0.02375	0.024	0.004363636	0.049090909	4.011111111	0	0.2186875	0	43	16.16189255	0.194216369	6.84036763	391213.7855	35	2.5	66118.03507	4156.007384
0	10	0	0	5	0.15	0	0	0	70.90909091	0.02375	0.01	0	0	0.025	0	0	0	0	0	0.006272727	0	0	0.13	66.36363636	7	0.02	1	0	0.028333333	0	177.2727273	0	0	0.115	0	0.684545455	6	0	0	0.015	0	1.555555556	0.365454545	0.135454545	0.063636364	0.006545455	0.553636364	54.73818182	0.02375	0.024	0.004363636	0.049090909	4.011111111	0	0.2186875	0	43	16.16189255	0.194216369	3.23860175	391213.7855	45	2.5	57929.95342	3607.080497
0	10	0	0	5	0.15	0	0	0	70.90909091	0.02375	0.01	0	0	0.025	0	0	0	0	0	0.006272727	0	0	0.13	66.36363636	7	0.02	1	0	0.028333333	0	177.2727273	0	0	0.115	0	0.684545455	6	0	0	0.015	0	1.555555556	0.365454545	0.135454545	0.063636364	0.006545455	0.553636364	54.73818182	0.02375	0.024	0.004363636	0.049090909	4.011111111	0	0.2186875	0	43	16.16189255	0.194216369	1.615774902	391213.7855	55	2.5	59506.22862	3085.336608
0	10	0	0	5	0.15	0	0	0	70.90909091	0.02375	0.01	0	0	0.025	0	0	0	0	0	0.006272727	0	0	0.13	66.36363636	7	0.02	1	0	0.028333333	0	177.2727273	0	0	0.115	0	0.684545455	6	0	0	0.015	0	1.555555556	0.365454545	0.135454545	0.063636364	0.006545455	0.553636364	54.73818182	0.02375	0.024	0.004363636	0.049090909	4.011111111	0	0.2186875	0	43	16.16189255	0.194216369	2.074070974	391213.7855	65	2.5	59801.95923	3007.749586
0	10	0	0	5	0.15	0	0	0	70.90909091	0.02375	0.01	0	0	0.025	0	0	0	0	0	0.006272727	0	0	0.13	66.36363636	7	0.02	1	0	0.028333333	0	177.2727273	0	0	0.115	0	0.684545455	6	0	0	0.015	0	1.555555556	0.365454545	0.135454545	0.063636364	0.006545455	0.553636364	54.73818182	0.02375	0.024	0.004363636	0.049090909	4.011111111	0	0.2186875	0	43	16.16189255	0.194216369	1.363456254	391213.7855	75	2.5	66910.45011	3381.07432
0	10	0	0	5	0.15	0	0	0	70.90909091	0.02375	0.01	0	0	0.025	0	0	0	0	0	0.006272727	0	0	0.13	66.36363636	7	0.02	1	0	0.028333333	0	177.2727273	0	0	0.115	0	0.684545455	6	0	0	0.015	0	1.555555556	0.365454545	0.135454545	0.063636364	0.006545455	0.553636364	54.73818182	0.02375	0.024	0.004363636	0.049090909	4.011111111	0	0.2186875	0	43	16.16189255	0.194216369	1.612930153	391213.7855	85	2.5	67569.14387	3131.011709
0	10	0	0	5	0.15	0	0	0	70.90909091	0.02375	0.01	0	0	0.025	0	0	0	0	0	0.006272727	0	0	0.13	66.36363636	7	0.02	1	0	0.028333333	0	177.2727273	0	0	0.115	0	0.684545455	6	0	0	0.015	0	1.555555556	0.365454545	0.135454545	0.063636364	0.006545455	0.553636364	54.73818182	0.02375	0.024	0.004363636	0.049090909	4.011111111	0	0.2186875	0	43	16.16189255	0.194216369	1.253516362	391213.7855	95	2.5	62030.60169	3399.178862
0	10	0	0	5	0.15	0	0	0	70.90909091	0.02375	0.01	0	0	0.025	0	0	0	0	0	0.006272727	0	0	0.13	66.36363636	7	0.02	1	0	0.028333333	0	177.2727273	0	0	0.115	0	0.684545455	6	0	0	0.015	0	1.555555556	0.365454545	0.135454545	0.063636364	0.006545455	0.553636364	54.73818182	0.02375	0.024	0.004363636	0.049090909	4.011111111	0	0.2186875	0	43	16.16189255	0.194216369	1.100942752	391213.7855	105	2.5	62151.99348	4114.793364
0	10	0	0	5	0.15	0	0	0	70.90909091	0.02375	0.01	0	0	0.025	0	0	0	0	0	0.006272727	0	0	0.13	66.36363636	7	0.02	1	0	0.028333333	0	177.2727273	0	0	0.115	0	0.684545455	6	0	0	0.015	0	1.555555556	0.365454545	0.135454545	0.063636364	0.006545455	0.553636364	54.73818182	0.02375	0.024	0.004363636	0.049090909	4.011111111	0	0.2186875	0	43	16.16189255	0.194216369	0.57925723	391213.7855	115	2.5	65659.67243	3521.558432
0	10	0	0	5	0.15	0	0	0	70.90909091	0.02375	0.01	0	0	0.025	0	0	0	0	0	0.006272727	0	0	0.13	66.36363636	7	0.02	1	0	0.028333333	0	177.2727273	0	0	0.115	0	0.684545455	6	0	0	0.015	0	1.555555556	0.365454545	0.135454545	0.063636364	0.006545455	0.553636364	54.73818182	0.02375	0.024	0.004363636	0.049090909	4.011111111	0	0.2186875	0	43	16.16189255	0.194216369	1.42489904	391213.7855	135	2.5	65451.79777	3203.649172
0	10	0	0	5	0.15	0	0	0	70.90909091	0.02375	0.01	0	0	0.025	0	0	0	0	0	0.006272727	0	0	0.13	66.36363636	7	0.02	1	0	0.028333333	0	177.2727273	0	0	0.115	0	0.684545455	6	0	0	0.015	0	1.555555556	0.365454545	0.135454545	0.063636364	0.006545455	0.553636364	54.73818182	0.02375	0.024	0.004363636	0.049090909	4.011111111	0	0.2186875	0	43	16.16189255	0.194216369	11.52806429	391213.7855	155	2.5	76802.83192	6287.116414
0	10	0	0	5	0.15	0	0	0	70.90909091	0.02375	0.01	0	0	0.025	0	0	0	0	0	0.006272727	0	0	0.13	66.36363636	7	0.02	1	0	0.028333333	0	177.2727273	0	0	0.115	0	0.684545455	6	0	0	0.015	0	1.555555556	0.365454545	0.135454545	0.063636364	0.006545455	0.553636364	54.73818182	0.02375	0.024	0.004363636	0.049090909	4.011111111	0	0.2186875	0	43	16.16189255	0.194216369	3.33377115	391213.7855	175	2.5	66064.1135	4037.979489
0	10	0	0	5	0.15	0	0	0	70.90909091	0.02375	0.01	0	0	0.025	0	0	0	0	0	0.006272727	0	0	0.13	66.36363636	7	0.02	1	0	0.028333333	0	177.2727273	0	0	0.115	0	0.684545455	6	0	0	0.015	0	1.555555556	0.365454545	0.135454545	0.063636364	0.006545455	0.553636364	54.73818182	0.02375	0.024	0.004363636	0.049090909	4.011111111	0	0.2186875	0	43	16.16189255	0.194216369	2.222738309	391213.7855	237	2.5	77548.19255	3912.024592
0	10	0	0	5	0.15	0	0	0	70.90909091	0.02375	0.01	0	0	0.025	0	0	0	0	0	0.006272727	0	0	0.13	66.36363636	7	0.02	1	0	0.028333333	0	177.2727273	0	0	0.115	0	0.684545455	6	0	0	0.015	0	1.555555556	0.365454545	0.135454545	0.063636364	0.006545455	0.553636364	54.73818182	0.02375	0.024	0.004363636	0.049090909	4.011111111	0	0.2186875	0	43	16.16189255	0.194216369	3.549129412	391213.7855	257	2.5	80243.59168	3899.980463
0	10	0	0	5	0.15	0	0	0	70.90909091	0.02375	0.01	0	0	0.025	0	0	0	0	0	0.006272727	0	0	0.13	66.36363636	7	0.02	1	0	0.028333333	0	177.2727273	0	0	0.115	0	0.684545455	6	0	0	0.015	0	1.555555556	0.365454545	0.135454545	0.063636364	0.006545455	0.553636364	54.73818182	0.02375	0.024	0.004363636	0.049090909	4.011111111	0	0.2186875	0	43	16.16189255	0.194216369	0.433914384	391213.7855	277	2.5	72598.48966	6405.520562
0	10	0	0	5	0.15	0	0	0	70.90909091	0.02375	0.01	0	0	0.025	0	0	0	0	0	0.006272727	0	0	0.13	66.36363636	7	0.02	1	0	0.028333333	0	177.2727273	0	0	0.115	0	0.684545455	6	0	0	0.015	0	1.555555556	0.365454545	0.135454545	0.063636364	0.006545455	0.553636364	54.73818182	0.02375	0.024	0.004363636	0.049090909	4.011111111	0	0.2186875	0	43	16.16189255	0.194216369	1.816198866	391213.7855	297	2.5	77454.43505	2975.707401
0	10	0	0	5	0.15	0	0	0	70.90909091	0.02375	0.01	0	0	0.025	0	0	0	0	0	0.006272727	0	0	0.13	66.36363636	7	0.02	1	0	0.028333333	0	177.2727273	0	0	0.115	0	0.684545455	6	0	0	0.015	0	1.555555556	0.365454545	0.135454545	0.063636364	0.006545455	0.553636364	54.73818182	0.02375	0.024	0.004363636	0.049090909	4.011111111	0	0.2186875	0	43	16.16189255	0.194216369	1.401702091	391213.7855	337	2.5	77190.28889	3039.462857
0	10	0	0	5	0.15	0	0	0	70.90909091	0.02375	0.01	0	0	0.025	0	0	0	0	0	0.006272727	0	0	0.13	66.36363636	7	0.02	1	0	0.028333333	0	177.2727273	0	0	0.115	0	0.684545455	6	0	0	0.015	0	1.555555556	0.365454545	0.135454545	0.063636364	0.006545455	0.553636364	54.73818182	0.02375	0.024	0.004363636	0.049090909	4.011111111	0	0.2186875	0	43	16.16189255	0.194216369	1.530268599	391213.7855	357	2.5	70665.44586	2486.219846
0	10	0	0	5	0.15	0	0	0	70.90909091	0.02375	0.01	0	0	0.025	0	0	0	0	0	0.006272727	0	0	0.13	66.36363636	7	0.02	1	0	0.028333333	0	177.2727273	0	0	0.115	0	0.684545455	6	0	0	0.015	0	1.555555556	0.365454545	0.135454545	0.063636364	0.006545455	0.553636364	54.73818182	0.02375	0.024	0.004363636	0.049090909	4.011111111	0	0.2186875	0	43	16.16189255	0.194216369	1.739559407	391213.7855	377	2.5	87867.49064	4479.501598
0	10	0	0	5	0.15	0	0	0	70.90909091	0.02375	0.01	0	0	0.025	0	0	0	0	0	0.006272727	0	0	0.13	66.36363636	7	0.02	1	0	0.028333333	0	177.2727273	0	0	0.115	0	0.684545455	6	0	0	0.015	0	1.555555556	0.365454545	0.135454545	0.063636364	0.006545455	0.553636364	54.73818182	0.02375	0.024	0.004363636	0.049090909	4.011111111	0	0.2186875	0	43	16.16189255	0.194216369	0.434659193	391213.7855	397	2.5	75653.37394	5513.678489
0	10	0	0	5	0.15	0	0	0	70.90909091	0.02375	0.01	0	0	0.025	0	0	0	0	0	0.006272727	0	0	0.13	66.36363636	7	0.02	1	0	0.028333333	0	177.2727273	0	0	0.115	0	0.684545455	6	0	0	0.015	0	1.555555556	0.365454545	0.135454545	0.063636364	0.006545455	0.553636364	54.73818182	0.02375	0.024	0.004363636	0.049090909	4.011111111	0	0.2186875	0	43	16.16189255	0.194216369	1.559833333	391213.7855	417	2.5	84883.21488	3284.438484
0	10	0	0	5	0.15	0	0	0	70.90909091	0.02375	0.01	0	0	0.025	0	0	0	0	0	0.006272727	0	0	0.13	66.36363636	7	0.02	1	0	0.028333333	0	177.2727273	0	0	0.115	0	0.684545455	6	0	0	0.015	0	1.555555556	0.365454545	0.135454545	0.063636364	0.006545455	0.553636364	54.73818182	0.02375	0.024	0.004363636	0.049090909	4.011111111	0	0.2186875	0	43	16.16189255	0.194216369	2.158108884	391213.7855	437	2.5	84033.24233	4243.244117
0	10	0	0	5	0.15	0	0	0	70.90909091	0.02375	0.01	0	0	0.025	0	0	0	0	0	0.006272727	0	0	0.13	66.36363636	7	0.02	1	0	0.028333333	0	177.2727273	0	0	0.115	0	0.684545455	6	0	0	0.015	0	1.555555556	0.365454545	0.135454545	0.063636364	0.006545455	0.553636364	54.73818182	0.02375	0.024	0.004363636	0.049090909	4.011111111	0	0.2186875	0	43	16.16189255	0.194216369	2.493036759	391213.7855	453	2.5	83569.72163	3153.615706
0	10	0	0	5	0.15	0	0	0	70.90909091	0.02375	0.01	0	0	0.025	0	0	0	0	0	0.006272727	0	0	0.13	66.36363636	7	0.02	1	0	0.028333333	0	177.2727273	0	0	0.115	0	0.684545455	6	0	0	0.015	0	1.555555556	0.365454545	0.135454545	0.063636364	0.006545455	0.553636364	54.73818182	0.02375	0.024	0.004363636	0.049090909	4.011111111	0	0.2186875	0	43	16.16189255	0.194216369	1.907353075	391213.7855	457	2.5	86803.71903	3196.540689
0	10	0	0	5	0.15	0	0	0	70.90909091	0.02375	0.01	0	0	0.025	0	0	0	0	0	0.006272727	0	0	0.13	66.36363636	7	0.02	1	0	0.028333333	0	177.2727273	0	0	0.115	0	0.684545455	6	0	0	0.015	0	1.555555556	0.365454545	0.135454545	0.063636364	0.006545455	0.553636364	54.73818182	0.02375	0.024	0.004363636	0.049090909	4.011111111	0	0.2186875	0	43	16.16189255	0.194216369	4.601284355	391213.7855	473	2.5	92954.69519	4040.728906
0	10	0	0	5	0.15	0	0	0	70.90909091	0.02375	0.01	0	0	0.025	0	0	0	0	0	0.006272727	0	0	0.13	66.36363636	7	0.02	1	0	0.028333333	0	177.2727273	0	0	0.115	0	0.684545455	6	0	0	0.015	0	1.555555556	0.365454545	0.135454545	0.063636364	0.006545455	0.553636364	54.73818182	0.02375	0.024	0.004363636	0.049090909	4.011111111	0	0.2186875	0	43	16.16189255	0.194216369	2.660230217	391213.7855	477	2.5	94789.69252	12338.24096
0	10	0	0	5	0.15	0	0	0	70.90909091	0.02375	0.01	0	0	0.025	0	0	0	0	0	0.006272727	0	0	0.13	66.36363636	7	0.02	1	0	0.028333333	0	177.2727273	0	0	0.115	0	0.684545455	6	0	0	0.015	0	1.555555556	0.365454545	0.135454545	0.063636364	0.006545455	0.553636364	54.73818182	0.02375	0.024	0.004363636	0.049090909	4.011111111	0	0.2186875	0	43	16.16189255	0.194216369	1.530740164	391213.7855	479	2.5	84019.60546	3327.213443
0	10	0	0	5	0.15	0	0	0	70.90909091	0.02375	0.01	0	0	0.025	0	0	0	0	0	0.006272727	0	0	0.13	66.36363636	7	0.02	1	0	0.028333333	0	177.2727273	0	0	0.115	0	0.684545455	6	0	0	0.015	0	1.555555556	0.365454545	0.135454545	0.063636364	0.006545455	0.553636364	54.73818182	0.02375	0.024	0.004363636	0.049090909	4.011111111	0	0.2186875	0	43	16.16189255	0.194216369	1.744789482	391213.7855	497	2.5	84291.81244	3247.23908
0	10	0	0	5	0.15	0	0	0	70.90909091	0.02375	0.01	0	0	0.025	0	0	0	0	0	0.006272727	0	0	0.13	66.36363636	7	0.02	1	0	0.028333333	0	177.2727273	0	0	0.115	0	0.684545455	6	0	0	0.015	0	1.555555556	0.365454545	0.135454545	0.063636364	0.006545455	0.553636364	54.73818182	0.02375	0.024	0.004363636	0.049090909	4.011111111	0	0.2186875	0	43	16.16189255	0.194216369	6.720302959	391213.7855	525	2.5	85962.35531	3112.025971
0	10	0	0	5	0.15	0	0	0	70.90909091	0.02375	0.01	0	0	0.025	0	0	0	0	0	0.006272727	0	0	0.13	66.36363636	7	0.02	1	0	0.028333333	0	177.2727273	0	0	0.115	0	0.684545455	6	0	0	0.015	0	1.555555556	0.365454545	0.135454545	0.063636364	0.006545455	0.553636364	54.73818182	0.02375	0.024	0.004363636	0.049090909	4.011111111	0	0.2186875	0	43	16.16189255	0.194216369	4.141262054	391213.7855	545	2.5	85103.86793	3171.129786
0	10	0	0	5	0.15	0	0	0	70.90909091	0.02375	0.01	0	0	0.025	0	0	0	0	0	0.006272727	0	0	0.13	66.36363636	7	0.02	1	0	0.028333333	0	177.2727273	0	0	0.115	0	0.684545455	6	0	0	0.015	0	1.555555556	0.365454545	0.135454545	0.063636364	0.006545455	0.553636364	54.73818182	0.02375	0.024	0.004363636	0.049090909	4.011111111	0	0.2186875	0	43	16.16189255	0.194216369	0.259394251	391213.7855	565	2.5	90686.88176	4619.626772
0	10	0	0	5	0.15	0	0	0	70.90909091	0.02375	0.01	0	0	0.025	0	0	0	0	0	0.006272727	0	0	0.13	66.36363636	7	0.02	1	0	0.028333333	0	177.2727273	0	0	0.115	0	0.684545455	6	0	0	0.015	0	1.555555556	0.365454545	0.135454545	0.063636364	0.006545455	0.553636364	54.73818182	0.02375	0.024	0.004363636	0.049090909	4.011111111	0	0.2186875	0	43	16.16189255	0.194216369	1.037349324	391213.7855	580	2.5	87270.72138	3441.8017
0	10	0	0	5	0.15	0	0	0	70.90909091	0.02375	0.01	0	0	0.025	0	0	0	0	0	0.006272727	0	0	0.13	66.36363636	7	0.02	1	0	0.028333333	0	177.2727273	0	0	0.115	0	0.684545455	6	0	0	0.015	0	1.555555556	0.365454545	0.135454545	0.063636364	0.006545455	0.553636364	54.73818182	0.02375	0.024	0.004363636	0.049090909	4.011111111	0	0.2186875	0	43	16.16189255	0.194216369	1.220414703	391213.7855	585	2.5	88702.41302	3095.779193
0	10	0	0	5	0.15	0	0	0	70.90909091	0.02375	0.01	0	0	0.025	0	0	0	0	0	0.006272727	0	0	0.13	66.36363636	7	0.02	1	0	0.028333333	0	177.2727273	0	0	0.115	0	0.684545455	6	0	0	0.015	0	1.555555556	0.365454545	0.135454545	0.063636364	0.006545455	0.553636364	54.73818182	0.02375	0.024	0.004363636	0.049090909	4.011111111	0	0.2186875	0	43	16.16189255	0.194216369	1.417521399	391213.7855	625	2.5	95098.22664	3700.14239
0	10	0	0	5	0.15	0	0	0	70.90909091	0.02375	0.01	0	0	0.025	0	0	0	0	0	0.006272727	0	0	0.13	66.36363636	7	0.02	1	0	0.028333333	0	177.2727273	0	0	0.115	0	0.684545455	6	0	0	0.015	0	1.555555556	0.365454545	0.135454545	0.063636364	0.006545455	0.553636364	54.73818182	0.02375	0.024	0.004363636	0.049090909	4.011111111	0	0.2186875	0	43	16.16189255	0.194216369	4.502013025	391213.7855	645	2.5	108977.7578	4020.380165
0	10	0	0	5	0.15	0	0	0	70.90909091	0.02375	0.01	0	0	0.025	0	0	0	0	0	0.006272727	0	0	0.13	66.36363636	7	0.02	1	0	0.028333333	0	177.2727273	0	0	0.115	0	0.684545455	6	0	0	0.015	0	1.555555556	0.365454545	0.135454545	0.063636364	0.006545455	0.553636364	54.73818182	0.02375	0.024	0.004363636	0.049090909	4.011111111	0	0.2186875	0	43	16.16189255	0.194216369	2.370621748	391213.7855	664	2.5	105181.3883	3799.433024
0	10	0	0	5	0.15	0	0	0	70.90909091	0.02375	0.01	0	0	0.025	0	0	0	0	0	0.006272727	0	0	0.13	66.36363636	7	0.02	1	0	0.028333333	0	177.2727273	0	0	0.115	0	0.684545455	6	0	0	0.015	0	1.555555556	0.365454545	0.135454545	0.063636364	0.006545455	0.553636364	54.73818182	0.02375	0.024	0.004363636	0.049090909	4.011111111	0	0.2186875	0	43	16.16189255	0.194216369	1.604858165	391213.7855	720	2.5	110273.1582	3905.740516
0	10	0	0	5	0.15	0	0	0	70.90909091	0.02375	0.01	0	0	0.025	0	0	0	0	0	0.006272727	0	0	0.13	66.36363636	7	0.02	1	0	0.028333333	0	177.2727273	0	0	0.115	0	0.684545455	6	0	0	0.015	0	1.555555556	0.365454545	0.135454545	0.063636364	0.006545455	0.553636364	54.73818182	0.02375	0.024	0.004363636	0.049090909	4.011111111	0	0.2186875	0	43	16.16189255	0.194216369	1.901048824	391213.7855	740	2.5	102240.4736	3757.87941
0	10	0	0	5	0.15	0	0	0	70.90909091	0.02375	0.01	0	0	0.025	0	0	0	0	0	0.006272727	0	0	0.13	66.36363636	7	0.02	1	0	0.028333333	0	177.2727273	0	0	0.115	0	0.684545455	6	0	0	0.015	0	1.555555556	0.365454545	0.135454545	0.063636364	0.006545455	0.553636364	54.73818182	0.02375	0.024	0.004363636	0.049090909	4.011111111	0	0.2186875	0	43	16.16189255	0.194216369	1.634283253	391213.7855	750	2.5	99443.80091	3786.109989
0	10	0	0	5	0.15	0	0	0	70.90909091	0.02375	0.01	0	0	0.025	0	0	0	0	0	0.006272727	0	0	0.13	66.36363636	7	0.02	1	0	0.028333333	0	177.2727273	0	0	0.115	0	0.684545455	6	0	0	0.015	0	1.555555556	0.365454545	0.135454545	0.063636364	0.006545455	0.553636364	54.73818182	0.02375	0.024	0.004363636	0.049090909	4.011111111	0	0.2186875	0	43	16.16189255	0.194216369	5.855954567	391213.7855	760	2.5	121450.3152	4346.250427
0	10	0	0	5	0.15	0	0	0	70.90909091	0.02375	0.01	0	0	0.025	0	0	0	0	0	0.006272727	0	0	0.13	66.36363636	7	0.02	1	0	0.028333333	0	177.2727273	0	0	0.115	0	0.684545455	6	0	0	0.015	0	1.555555556	0.365454545	0.135454545	0.063636364	0.006545455	0.553636364	54.73818182	0.02375	0.024	0.004363636	0.049090909	4.011111111	0	0.2186875	0	43	16.16189255	0.194216369	2.397542894	391213.7855	765	2.5	109012.6856	3388.044322
0	10	0	0	5	0.15	0	0	0	70.90909091	0.02375	0.01	0	0	0.025	0	0	0	0	0	0.006272727	0	0	0.13	66.36363636	7	0.02	1	0	0.028333333	0	177.2727273	0	0	0.115	0	0.684545455	6	0	0	0.015	0	1.555555556	0.365454545	0.135454545	0.063636364	0.006545455	0.553636364	54.73818182	0.02375	0.024	0.004363636	0.049090909	4.011111111	0	0.2186875	0	43	16.16189255	0.194216369	6.666922181	391213.7855	770	2.5	114315.0696	3400.409719
0	10	0	0	5	0.15	0	0	0	70.90909091	0.02375	0.01	0	0	0.025	0	0	0	0	0	0.006272727	0	0	0.13	66.36363636	7	0.02	1	0	0.028333333	0	177.2727273	0	0	0.115	0	0.684545455	6	0	0	0.015	0	1.555555556	0.365454545	0.135454545	0.063636364	0.006545455	0.553636364	54.73818182	0.02375	0.024	0.004363636	0.049090909	4.011111111	0	0.2186875	0	43	16.16189255	0.194216369	1.669252087	391213.7855	775	2.5	103757.3958	2911.153999
0	10	0	0	5	0.15	0	0	0	70.90909091	0.02375	0.01	0	0	0.025	0	0	0	0	0	0.006272727	0	0	0.13	66.36363636	7	0.02	1	0	0.028333333	0	177.2727273	0	0	0.115	0	0.684545455	6	0	0	0.015	0	1.555555556	0.365454545	0.135454545	0.063636364	0.006545455	0.553636364	54.73818182	0.02375	0.024	0.004363636	0.049090909	4.011111111	0	0.2186875	0	43	16.16189255	0.194216369	1.361193808	391213.7855	790	2.5	109858.0537	3955.266691
0	10	0	0	5	0.15	0	0	0	70.90909091	0.02375	0.01	0	0	0.025	0	0	0	0	0	0.006272727	0	0	0.13	66.36363636	7	0.02	1	0	0.028333333	0	177.2727273	0	0	0.115	0	0.684545455	6	0	0	0.015	0	1.555555556	0.365454545	0.135454545	0.063636364	0.006545455	0.553636364	54.73818182	0.02375	0.024	0.004363636	0.049090909	4.011111111	0	0.2186875	0	43	16.16189255	0.194216369	3.45528508	391213.7855	810	2.5	114239.6451	4149.807095
0	10	0	0	5	0.15	0	0	0	70.90909091	0.02375	0.01	0	0	0.025	0	0	0	0	0	0.006272727	0	0	0.13	66.36363636	7	0.02	1	0	0.028333333	0	177.2727273	0	0	0.115	0	0.684545455	6	0	0	0.015	0	1.555555556	0.365454545	0.135454545	0.063636364	0.006545455	0.553636364	54.73818182	0.02375	0.024	0.004363636	0.049090909	4.011111111	0	0.2186875	0	43	16.16189255	0.194216369	1.09010916	391213.7855	830	2.5	101581.4644	3845.037799
0	10	0	0	5	0.15	0	0	0	70.90909091	0.02375	0.01	0	0	0.025	0	0	0	0	0	0.006272727	0	0	0.13	66.36363636	7	0.02	1	0	0.028333333	0	177.2727273	0	0	0.115	0	0.684545455	6	0	0	0.015	0	1.555555556	0.365454545	0.135454545	0.063636364	0.006545455	0.553636364	54.73818182	0.02375	0.024	0.004363636	0.049090909	4.011111111	0	0.2186875	0	43	16.16189255	0.194216369	1.092488955	391213.7855	840	2.5	103220.8109	3523.648826
0	10	0	0	5	0.15	0	0	0	70.90909091	0.02375	0.01	0	0	0.025	0	0	0	0	0	0.006272727	0	0	0.13	66.36363636	7	0.02	1	0	0.028333333	0	177.2727273	0	0	0.115	0	0.684545455	6	0	0	0.015	0	1.555555556	0.365454545	0.135454545	0.063636364	0.006545455	0.553636364	54.73818182	0.02375	0.024	0.004363636	0.049090909	4.011111111	0	0.2186875	0	43	16.16189255	0.194216369	2.809811116	391213.7855	850	2.5	119754.6446	4303.563922
0	10	0	0	5	0.15	0	0	0	70.90909091	0.02375	0.01	0	0	0.025	0	0	0	0	0	0.006272727	0	0	0.13	66.36363636	7	0.02	1	0	0.028333333	0	177.2727273	0	0	0.115	0	0.684545455	6	0	0	0.015	0	1.555555556	0.365454545	0.135454545	0.063636364	0.006545455	0.553636364	54.73818182	0.02375	0.024	0.004363636	0.049090909	4.011111111	0	0.2186875	0	43	16.16189255	0.194216369	1.383947949	391213.7855	870	2.5	108874.9769	3825.025471
0	10	0	0	5	0.15	0	0	0	70.90909091	0.02375	0.01	0	0	0.025	0	0	0	0	0	0.006272727	0	0	0.13	66.36363636	7	0.02	1	0	0.028333333	0	177.2727273	0	0	0.115	0	0.684545455	6	0	0	0.015	0	1.555555556	0.365454545	0.135454545	0.063636364	0.006545455	0.553636364	54.73818182	0.02375	0.024	0.004363636	0.049090909	4.011111111	0	0.2186875	0	43	16.16189255	0.194216369	1.542023918	391213.7855	880	2.5	113250.4274	3088.13299
0	10	0	0	5	0.15	0	0	0	70.90909091	0.02375	0.01	0	0	0.025	0	0	0	0	0	0.006272727	0	0	0.13	66.36363636	7	0.02	1	0	0.028333333	0	177.2727273	0	0	0.115	0	0.684545455	6	0	0	0.015	0	1.555555556	0.365454545	0.135454545	0.063636364	0.006545455	0.553636364	54.73818182	0.02375	0.024	0.004363636	0.049090909	4.011111111	0	0.2186875	0	43	16.16189255	0.194216369	8.672514972	391213.7855	890	2.5	126634.2229	4579.264949
0	10	0	0	5	0.15	0	0	0	70.90909091	0.02375	0.01	0	0	0.025	0	0	0	0	0	0.006272727	0	0	0.13	66.36363636	7	0.02	1	0	0.028333333	0	177.2727273	0	0	0.115	0	0.684545455	6	0	0	0.015	0	1.555555556	0.365454545	0.135454545	0.063636364	0.006545455	0.553636364	54.73818182	0.02375	0.024	0.004363636	0.049090909	4.011111111	0	0.2186875	0	43	16.16189255	0.194216369	1.285370322	391213.7855	910	2.5	106097.3761	3910.035334
0	10	0	0	5	0.15	0	0	0	70.90909091	0.02375	0.01	0	0	0.025	0	0	0	0	0	0.006272727	0	0	0.13	66.36363636	7	0.02	1	0	0.028333333	0	177.2727273	0	0	0.115	0	0.684545455	6	0	0	0.015	0	1.555555556	0.365454545	0.135454545	0.063636364	0.006545455	0.553636364	54.73818182	0.02375	0.024	0.004363636	0.049090909	4.011111111	0	0.2186875	0	43	16.16189255	0.194216369	1.273565635	391213.7855	925	2.5	116326.8814	3582.759333
0	10	0	0	5	0.15	0	0	0	70.90909091	0.02375	0.01	0	0	0.025	0	0	0	0	0	0.006272727	0	0	0.13	66.36363636	7	0.02	1	0	0.028333333	0	177.2727273	0	0	0.115	0	0.684545455	6	0	0	0.015	0	1.555555556	0.365454545	0.135454545	0.063636364	0.006545455	0.553636364	54.73818182	0.02375	0.024	0.004363636	0.049090909	4.011111111	0	0.2186875	0	43	16.16189255	0.194216369	3.741692651	391213.7855	930	2.5	119127.0466	4337.768391
0	10	0	0	5	0.15	0	0	0	70.90909091	0.02375	0.01	0	0	0.025	0	0	0	0	0	0.006272727	0	0	0.13	66.36363636	7	0.02	1	0	0.028333333	0	177.2727273	0	0	0.115	0	0.684545455	6	0	0	0.015	0	1.555555556	0.365454545	0.135454545	0.063636364	0.006545455	0.553636364	54.73818182	0.02375	0.024	0.004363636	0.049090909	4.011111111	0	0.2186875	0	43	16.16189255	0.194216369	1.32986828	391213.7855	950	2.5	105604.5582	3916.862792
0	10	0	0	5	0.15	0	0	0	70.90909091	0.02375	0.01	0	0	0.025	0	0	0	0	0	0.006272727	0	0	0.13	66.36363636	7	0.02	1	0	0.028333333	0	177.2727273	0	0	0.115	0	0.684545455	6	0	0	0.015	0	1.555555556	0.365454545	0.135454545	0.063636364	0.006545455	0.553636364	54.73818182	0.02375	0.024	0.004363636	0.049090909	4.011111111	0	0.2186875	0	43	16.16189255	0.194216369	1.335747029	391213.7855	965	2.5	118283.3512	2739.054625
0	10	0	0	5	0.15	0	0	0	70.90909091	0.02375	0.01	0	0	0.025	0	0	0	0	0	0.006272727	0	0	0.13	66.36363636	7	0.02	1	0	0.028333333	0	177.2727273	0	0	0.115	0	0.684545455	6	0	0	0.015	0	1.555555556	0.365454545	0.135454545	0.063636364	0.006545455	0.553636364	54.73818182	0.02375	0.024	0.004363636	0.049090909	4.011111111	0	0.2186875	0	43	16.16189255	0.194216369	2.733460318	391213.7855	970	2.5	125961.4966	4276.930945
0	10	0	0	5	0.15	0	0	0	70.90909091	0.02375	0.01	0	0	0.025	0	0	0	0	0	0.006272727	0	0	0.13	66.36363636	7	0.02	1	0	0.028333333	0	177.2727273	0	0	0.115	0	0.684545455	6	0	0	0.015	0	1.555555556	0.365454545	0.135454545	0.063636364	0.006545455	0.553636364	54.73818182	0.02375	0.024	0.004363636	0.049090909	4.011111111	0	0.2186875	0	43	16.16189255	0.194216369	0.987040588	391213.7855	990	2.5	113786.5362	4284.291572
0	10	0	0	5	0.15	0	0	0	70.90909091	0.02375	0.01	0	0	0.025	0	0	0	0	0	0.006272727	0	0	0.13	66.36363636	7	0.02	1	0	0.028333333	0	177.2727273	0	0	0.115	0	0.684545455	6	0	0	0.015	0	1.555555556	0.365454545	0.135454545	0.063636364	0.006545455	0.553636364	54.73818182	0.02375	0.024	0.004363636	0.049090909	4.011111111	0	0.2186875	0	43	16.16189255	0.194216369	1.4780957	391213.7855	1000	2.5	119739.7107	3715.33108
0	10	0	0	5	0.15	0	0	0	70.90909091	0.02375	0.01	0	0	0.025	0	0	0	0	0	0.006272727	0	0	0.13	66.36363636	7	0.02	1	0	0.028333333	0	177.2727273	0	0	0.115	0	0.684545455	6	0	0	0.015	0	1.555555556	0.365454545	0.135454545	0.063636364	0.006545455	0.553636364	54.73818182	0.02375	0.024	0.004363636	0.049090909	4.011111111	0	0.2186875	0	43	16.16189255	0.194216369	6.9	391213.7855	1010	2.5	129714.136	6217.686824
0	10	0	0	5	0.15	0	0	0	70.90909091	0.02375	0.01	0	0	0.025	0	0	0	0	0	0.006272727	0	0	0.13	66.36363636	7	0.02	1	0	0.028333333	0	177.2727273	0	0	0.115	0	0.684545455	6	0	0	0.015	0	1.555555556	0.365454545	0.135454545	0.063636364	0.006545455	0.553636364	54.73818182	0.02375	0.024	0.004363636	0.049090909	4.011111111	0	0.2186875	0	43	16.16189255	0.194216369	1.65550874	391213.7855	1030	2.5	117124.7399	4146.144658
0	10	0	0	5	0.15	0	0	0	70.90909091	0.02375	0.01	0	0	0.025	0	0	0	0	0	0.006272727	0	0	0.13	66.36363636	7	0.02	1	0	0.028333333	0	177.2727273	0	0	0.115	0	0.684545455	6	0	0	0.015	0	1.555555556	0.365454545	0.135454545	0.063636364	0.006545455	0.553636364	54.73818182	0.02375	0.024	0.004363636	0.049090909	4.011111111	0	0.2186875	0	43	16.16189255	0.194216369	1.558986701	391213.7855	1040	2.5	114788.2298	3543.097452
0	10	0	0	5	0.15	0	0	0	70.90909091	0.02375	0.01	0	0	0.025	0	0	0	0	0	0.006272727	0	0	0.13	66.36363636	7	0.02	1	0	0.028333333	0	177.2727273	0	0	0.115	0	0.684545455	6	0	0	0.015	0	1.555555556	0.365454545	0.135454545	0.063636364	0.006545455	0.553636364	54.73818182	0.02375	0.024	0.004363636	0.049090909	4.011111111	0	0.2186875	0	43	16.16189255	0.194216369	9.1	391213.7855	1050	2.5	129146.6044	5993.866026
0	10	0	0	5	0.15	0	0	0	70.90909091	0.02375	0.01	0	0	0.025	0	0	0	0	0	0.006272727	0	0	0.13	66.36363636	7	0.02	1	0	0.028333333	0	177.2727273	0	0	0.115	0	0.684545455	6	0	0	0.015	0	1.555555556	0.365454545	0.135454545	0.063636364	0.006545455	0.553636364	54.73818182	0.02375	0.024	0.004363636	0.049090909	4.011111111	0	0.2186875	0	43	16.16189255	0.194216369	1.191138163	391213.7855	1070	2.5	125432.5829	4534.193186
0	10	0	0	5	0.15	0	0	0	70.90909091	0.02375	0.01	0	0	0.025	0	0	0	0	0	0.006272727	0	0	0.13	66.36363636	7	0.02	1	0	0.028333333	0	177.2727273	0	0	0.115	0	0.684545455	6	0	0	0.015	0	1.555555556	0.365454545	0.135454545	0.063636364	0.006545455	0.553636364	54.73818182	0.02375	0.024	0.004363636	0.049090909	4.011111111	0	0.2186875	0	43	16.16189255	0.194216369	1.215838552	391213.7855	1080	2.5	127508.6667	3901.181523
0	10	0	0	5	0.15	0	0	0	70.90909091	0.02375	0.01	0	0	0.025	0	0	0	0	0	0.006272727	0	0	0.13	66.36363636	7	0.02	1	0	0.028333333	0	177.2727273	0	0	0.115	0	0.684545455	6	0	0	0.015	0	1.555555556	0.365454545	0.135454545	0.063636364	0.006545455	0.553636364	54.73818182	0.02375	0.024	0.004363636	0.049090909	4.011111111	0	0.2186875	0	43	16.16189255	0.194216369	5.1	391213.7855	1090	2.5	125425.8566	5828.942628
0	10	0	0	5	0.15	0	0	0	70.90909091	0.02375	0.01	0	0	0.025	0	0	0	0	0	0.006272727	0	0	0.13	66.36363636	7	0.02	1	0	0.028333333	0	177.2727273	0	0	0.115	0	0.684545455	6	0	0	0.015	0	1.555555556	0.365454545	0.135454545	0.063636364	0.006545455	0.553636364	54.73818182	0.02375	0.024	0.004363636	0.049090909	4.011111111	0	0.2186875	0	43	16.16189255	0.194216369	0.771137818	391213.7855	1110	2.5	126961.7446	4465.353431
0	10	0	0	5	0.15	0	0	0	70.90909091	0.02375	0.01	0	0	0.025	0	0	0	0	0	0.006272727	0	0	0.13	66.36363636	7	0.02	1	0	0.028333333	0	177.2727273	0	0	0.115	0	0.684545455	6	0	0	0.015	0	1.555555556	0.365454545	0.135454545	0.063636364	0.006545455	0.553636364	54.73818182	0.02375	0.024	0.004363636	0.049090909	4.011111111	0	0.2186875	0	43	16.16189255	0.194216369	1.084444032	391213.7855	1120	2.5	127487.8155	3884.107879
0	10	0	0	5	0.15	0	0	0	70.90909091	0.02375	0.01	0	0	0.025	0	0	0	0	0	0.006272727	0	0	0.13	66.36363636	7	0.02	1	0	0.028333333	0	177.2727273	0	0	0.115	0	0.684545455	6	0	0	0.015	0	1.555555556	0.365454545	0.135454545	0.063636364	0.006545455	0.553636364	54.73818182	0.02375	0.024	0.004363636	0.049090909	4.011111111	0	0.2186875	0	43	16.16189255	0.194216369	1.188677066	391213.7855	1127	2.5	122677.7798	8087.226557
0	10	0	0	5	0.15	0	0	0	70.90909091	0.02375	0.01	0	0	0.025	0	0	0	0	0	0.006272727	0	0	0.13	66.36363636	7	0.02	1	0	0.028333333	0	177.2727273	0	0	0.115	0	0.684545455	6	0	0	0.015	0	1.555555556	0.365454545	0.135454545	0.063636364	0.006545455	0.553636364	54.73818182	0.02375	0.024	0.004363636	0.049090909	4.011111111	0	0.2186875	0	43	16.16189255	0.194216369	7.2	391213.7855	1130	2.5	145796.4226	6798.876505
0	10	0	0	5	0.15	0	0	0	70.90909091	0.02375	0.01	0	0	0.025	0	0	0	0	0	0.006272727	0	0	0.13	66.36363636	7	0.02	1	0	0.028333333	0	177.2727273	0	0	0.115	0	0.684545455	6	0	0	0.015	0	1.555555556	0.365454545	0.135454545	0.063636364	0.006545455	0.553636364	54.73818182	0.02375	0.024	0.004363636	0.049090909	4.011111111	0	0.2186875	0	43	16.16189255	0.194216369	5.746406962	391213.7855	1147	2.5	132042.9675	5678.342894
0	10	0	0	5	0.15	0	0	0	70.90909091	0.02375	0.01	0	0	0.025	0	0	0	0	0	0.006272727	0	0	0.13	66.36363636	7	0.02	1	0	0.028333333	0	177.2727273	0	0	0.115	0	0.684545455	6	0	0	0.015	0	1.555555556	0.365454545	0.135454545	0.063636364	0.006545455	0.553636364	54.73818182	0.02375	0.024	0.004363636	0.049090909	4.011111111	0	0.2186875	0	43	16.16189255	0.194216369	1.060183531	391213.7855	1150	2.5	124141.9384	4633.867863
0	10	0	0	5	0.15	0	0	0	70.90909091	0.02375	0.01	0	0	0.025	0	0	0	0	0	0.006272727	0	0	0.13	66.36363636	7	0.02	1	0	0.028333333	0	177.2727273	0	0	0.115	0	0.684545455	6	0	0	0.015	0	1.555555556	0.365454545	0.135454545	0.063636364	0.006545455	0.553636364	54.73818182	0.02375	0.024	0.004363636	0.049090909	4.011111111	0	0.2186875	0	43	16.16189255	0.194216369	1.84348678	391213.7855	1157	2.5	137937.9932	4213.353374
0	10	0	0	5	0.15	0	0	0	70.90909091	0.02375	0.01	0	0	0.025	0	0	0	0	0	0.006272727	0	0	0.13	66.36363636	7	0.02	1	0	0.028333333	0	177.2727273	0	0	0.115	0	0.684545455	6	0	0	0.015	0	1.555555556	0.365454545	0.135454545	0.063636364	0.006545455	0.553636364	54.73818182	0.02375	0.024	0.004363636	0.049090909	4.011111111	0	0.2186875	0	43	16.16189255	0.194216369	1.516085715	391213.7855	1167	2.5	126402.476	8200.827051
0	10	0	0	5	0.15	0	0	0	70.90909091	0.02375	0.01	0	0	0.025	0	0	0	0	0	0.006272727	0	0	0.13	66.36363636	7	0.02	1	0	0.028333333	0	177.2727273	0	0	0.115	0	0.684545455	6	0	0	0.015	0	1.555555556	0.365454545	0.135454545	0.063636364	0.006545455	0.553636364	54.73818182	0.02375	0.024	0.004363636	0.049090909	4.011111111	0	0.2186875	0	43	16.16189255	0.194216369	6.920577365	391213.7855	1175	2.5	146841.9656	6700.884658
0	10	0	0	5	0.15	0	0	0	70.90909091	0.02375	0.01	0	0	0.025	0	0	0	0	0	0.006272727	0	0	0.13	66.36363636	7	0.02	1	0	0.028333333	0	177.2727273	0	0	0.115	0	0.684545455	6	0	0	0.015	0	1.555555556	0.365454545	0.135454545	0.063636364	0.006545455	0.553636364	54.73818182	0.02375	0.024	0.004363636	0.049090909	4.011111111	0	0.2186875	0	43	16.16189255	0.194216369	2.432066052	391213.7855	1180	2.5	135947.7857	4176.67071
0	10	0	0	5	0.15	0	0	0	70.90909091	0.02375	0.01	0	0	0.025	0	0	0	0	0	0.006272727	0	0	0.13	66.36363636	7	0.02	1	0	0.028333333	0	177.2727273	0	0	0.115	0	0.684545455	6	0	0	0.015	0	1.555555556	0.365454545	0.135454545	0.063636364	0.006545455	0.553636364	54.73818182	0.02375	0.024	0.004363636	0.049090909	4.011111111	0	0.2186875	0	43	16.16189255	0.194216369	3.910762883	391213.7855	1187	2.5	141285.0563	6832.182212
0	10	0	0	5	0.15	0	0	0	70.90909091	0.02375	0.01	0	0	0.025	0	0	0	0	0	0.006272727	0	0	0.13	66.36363636	7	0.02	1	0	0.028333333	0	177.2727273	0	0	0.115	0	0.684545455	6	0	0	0.015	0	1.555555556	0.365454545	0.135454545	0.063636364	0.006545455	0.553636364	54.73818182	0.02375	0.024	0.004363636	0.049090909	4.011111111	0	0.2186875	0	43	16.16189255	0.194216369	1.553440933	391213.7855	1195	2.5	132719.0168	5053.453779
0	10	0	0	5	0.15	0	0	0	70.90909091	0.02375	0.01	0	0	0.025	0	0	0	0	0	0.006272727	0	0	0.13	66.36363636	7	0.02	1	0	0.028333333	0	177.2727273	0	0	0.115	0	0.684545455	6	0	0	0.015	0	1.555555556	0.365454545	0.135454545	0.063636364	0.006545455	0.553636364	54.73818182	0.02375	0.024	0.004363636	0.049090909	4.011111111	0	0.2186875	0	43	16.16189255	0.194216369	2.676465236	391213.7855	1197	2.5	133211.4386	3987.937454
0	10	0	0	5	0.15	0	0	0	70.90909091	0.02375	0.01	0	0	0.025	0	0	0	0	0	0.006272727	0	0	0.13	66.36363636	7	0.02	1	0	0.028333333	0	177.2727273	0	0	0.115	0	0.684545455	6	0	0	0.015	0	1.555555556	0.365454545	0.135454545	0.063636364	0.006545455	0.553636364	54.73818182	0.02375	0.024	0.004363636	0.049090909	4.011111111	0	0.2186875	0	43	16.16189255	0.194216369	7.3	391213.7855	1215	2.5	142112.1125	6499.295879
0	10	0	0	5	0.15	0	0	0	70.90909091	0.02375	0.01	0	0	0.025	0	0	0	0	0	0.006272727	0	0	0.13	66.36363636	7	0.02	1	0	0.028333333	0	177.2727273	0	0	0.115	0	0.684545455	6	0	0	0.015	0	1.555555556	0.365454545	0.135454545	0.063636364	0.006545455	0.553636364	54.73818182	0.02375	0.024	0.004363636	0.049090909	4.011111111	0	0.2186875	0	43	16.16189255	0.194216369	9.314451862	391213.7855	1227	2.5	146325.6192	6550.586058
0	10	0	0	5	0.15	0	0	0	70.90909091	0.02375	0.01	0	0	0.025	0	0	0	0	0	0.006272727	0	0	0.13	66.36363636	7	0.02	1	0	0.028333333	0	177.2727273	0	0	0.115	0	0.684545455	6	0	0	0.015	0	1.555555556	0.365454545	0.135454545	0.063636364	0.006545455	0.553636364	54.73818182	0.02375	0.024	0.004363636	0.049090909	4.011111111	0	0.2186875	0	43	16.16189255	0.194216369	1.354486167	391213.7855	1230	2.5	131576.7466	3253.041419
0	10	0	0	5	0.15	0	0	0	70.90909091	0.02375	0.01	0	0	0.025	0	0	0	0	0	0.006272727	0	0	0.13	66.36363636	7	0.02	1	0	0.028333333	0	177.2727273	0	0	0.115	0	0.684545455	6	0	0	0.015	0	1.555555556	0.365454545	0.135454545	0.063636364	0.006545455	0.553636364	54.73818182	0.02375	0.024	0.004363636	0.049090909	4.011111111	0	0.2186875	0	43	16.16189255	0.194216369	2.3216855	391213.7855	1247	2.5	158189.8214	12631.27554
0	10	0	0	5	0.15	0	0	0	70.90909091	0.02375	0.01	0	0	0.025	0	0	0	0	0	0.006272727	0	0	0.13	66.36363636	7	0.02	1	0	0.028333333	0	177.2727273	0	0	0.115	0	0.684545455	6	0	0	0.015	0	1.555555556	0.365454545	0.135454545	0.063636364	0.006545455	0.553636364	54.73818182	0.02375	0.024	0.004363636	0.049090909	4.011111111	0	0.2186875	0	43	16.16189255	0.194216369	6.175095584	391213.7855	1267	2.5	153456.3388	6883.324367
0	10	0	0	5	0.15	0	0	0	70.90909091	0.02375	0.01	0	0	0.025	0	0	0	0	0	0.006272727	0	0	0.13	66.36363636	7	0.02	1	0	0.028333333	0	177.2727273	0	0	0.115	0	0.684545455	6	0	0	0.015	0	1.555555556	0.365454545	0.135454545	0.063636364	0.006545455	0.553636364	54.73818182	0.02375	0.024	0.004363636	0.049090909	4.011111111	0	0.2186875	0	43	16.16189255	0.194216369	1.186460945	391213.7855	1272	2.5	142232.2064	4278.052996
0	10	0	0	5	0.15	0	0	0	70.90909091	0.02375	0.01	0	0	0.025	0	0	0	0	0	0.006272727	0	0	0.13	66.36363636	7	0.02	1	0	0.028333333	0	177.2727273	0	0	0.115	0	0.684545455	6	0	0	0.015	0	1.555555556	0.365454545	0.135454545	0.063636364	0.006545455	0.553636364	54.73818182	0.02375	0.024	0.004363636	0.049090909	4.011111111	0	0.2186875	0	43	16.16189255	0.194216369	1.067489851	391213.7855	1281	2.5	144759.1403	9346.653323
0	10	0	0	5	0.15	0	0	0	70.90909091	0.02375	0.01	0	0	0.025	0	0	0	0	0	0.006272727	0	0	0.13	66.36363636	7	0.02	1	0	0.028333333	0	177.2727273	0	0	0.115	0	0.684545455	6	0	0	0.015	0	1.555555556	0.365454545	0.135454545	0.063636364	0.006545455	0.553636364	54.73818182	0.02375	0.024	0.004363636	0.049090909	4.011111111	0	0.2186875	0	43	16.16189255	0.194216369	1.180817222	391213.7855	1286	2.5	156637.105	4660.978752
0	10	0	0	5	0.15	0	0	0	70.90909091	0.02375	0.01	0	0	0.025	0	0	0	0	0	0.006272727	0	0	0.13	66.36363636	7	0.02	1	0	0.028333333	0	177.2727273	0	0	0.115	0	0.684545455	6	0	0	0.015	0	1.555555556	0.365454545	0.135454545	0.063636364	0.006545455	0.553636364	54.73818182	0.02375	0.024	0.004363636	0.049090909	4.011111111	0	0.2186875	0	43	16.16189255	0.194216369	1.813396474	391213.7855	1287	2.5	156343.9226	11126.42985
0	10	0	0	5	0.15	0	0	0	70.90909091	0.02375	0.01	0	0	0.025	0	0	0	0	0	0.006272727	0	0	0.13	66.36363636	7	0.02	1	0	0.028333333	0	177.2727273	0	0	0.115	0	0.684545455	6	0	0	0.015	0	1.555555556	0.365454545	0.135454545	0.063636364	0.006545455	0.553636364	54.73818182	0.02375	0.024	0.004363636	0.049090909	4.011111111	0	0.2186875	0	43	16.16189255	0.194216369	4.763574762	391213.7855	1296	2.5	150308.49	6933.421194
0	10	0	0	5	0.15	0	0	0	70.90909091	0.02375	0.01	0	0	0.025	0	0	0	0	0	0.006272727	0	0	0.13	66.36363636	7	0.02	1	0	0.028333333	0	177.2727273	0	0	0.115	0	0.684545455	6	0	0	0.015	0	1.555555556	0.365454545	0.135454545	0.063636364	0.006545455	0.553636364	54.73818182	0.02375	0.024	0.004363636	0.049090909	4.011111111	0	0.2186875	0	43	16.16189255	0.194216369	8.304657462	391213.7855	1307	2.5	153957.2363	6427.339519
0	10	0	0	5	0.15	0	0	0	70.90909091	0.02375	0.01	0	0	0.025	0	0	0	0	0	0.006272727	0	0	0.13	66.36363636	7	0.02	1	0	0.028333333	0	177.2727273	0	0	0.115	0	0.684545455	6	0	0	0.015	0	1.555555556	0.365454545	0.135454545	0.063636364	0.006545455	0.553636364	54.73818182	0.02375	0.024	0.004363636	0.049090909	4.011111111	0	0.2186875	0	43	16.16189255	0.194216369	1.209299206	391213.7855	1316	2.5	152067.6449	10010.06764
0	10	0	0	5	0.15	0	0	0	70.90909091	0.02375	0.01	0	0	0.025	0	0	0	0	0	0.006272727	0	0	0.13	66.36363636	7	0.02	1	0	0.028333333	0	177.2727273	0	0	0.115	0	0.684545455	6	0	0	0.015	0	1.555555556	0.365454545	0.135454545	0.063636364	0.006545455	0.553636364	54.73818182	0.02375	0.024	0.004363636	0.049090909	4.011111111	0	0.2186875	0	43	16.16189255	0.194216369	1.339350548	391213.7855	1317	2.5	154194.7754	4629.14887
0	10	0	0	5	0.15	0	0	0	70.90909091	0.02375	0.01	0	0	0.025	0	0	0	0	0	0.006272727	0	0	0.13	66.36363636	7	0.02	1	0	0.028333333	0	177.2727273	0	0	0.115	0	0.684545455	6	0	0	0.015	0	1.555555556	0.365454545	0.135454545	0.063636364	0.006545455	0.553636364	54.73818182	0.02375	0.024	0.004363636	0.049090909	4.011111111	0	0.2186875	0	43	16.16189255	0.194216369	1.562853619	391213.7855	1326	2.5	157460.0523	4732.34726
0	10	0	0	5	0.15	0	0	0	70.90909091	0.02375	0.01	0	0	0.025	0	0	0	0	0	0.006272727	0	0	0.13	66.36363636	7	0.02	1	0	0.028333333	0	177.2727273	0	0	0.115	0	0.684545455	6	0	0	0.015	0	1.555555556	0.365454545	0.135454545	0.063636364	0.006545455	0.553636364	54.73818182	0.02375	0.024	0.004363636	0.049090909	4.011111111	0	0.2186875	0	43	16.16189255	0.194216369	1.248454136	391213.7855	1327	2.5	155947.5225	10229.76975
0	10	0	0	5	0.15	0	0	0	70.90909091	0.02375	0.01	0	0	0.025	0	0	0	0	0	0.006272727	0	0	0.13	66.36363636	7	0.02	1	0	0.028333333	0	177.2727273	0	0	0.115	0	0.684545455	6	0	0	0.015	0	1.555555556	0.365454545	0.135454545	0.063636364	0.006545455	0.553636364	54.73818182	0.02375	0.024	0.004363636	0.049090909	4.011111111	0	0.2186875	0	43	16.16189255	0.194216369	1.109864935	391213.7855	1332	2.5	155446.8835	4600.856256
0	10	0	0	5	0.15	0	0	0	70.90909091	0.02375	0.01	0	0	0.025	0	0	0	0	0	0.006272727	0	0	0.13	66.36363636	7	0.02	1	0	0.028333333	0	177.2727273	0	0	0.115	0	0.684545455	6	0	0	0.015	0	1.555555556	0.365454545	0.135454545	0.063636364	0.006545455	0.553636364	54.73818182	0.02375	0.024	0.004363636	0.049090909	4.011111111	0	0.2186875	0	43	16.16189255	0.194216369	5.914052161	391213.7855	1336	2.5	176174.9924	8497.212233
0	10	0	0	5	0.15	0	0	0	70.90909091	0.02375	0.01	0	0	0.025	0	0	0	0	0	0.006272727	0	0	0.13	66.36363636	7	0.02	1	0	0.028333333	0	177.2727273	0	0	0.115	0	0.684545455	6	0	0	0.015	0	1.555555556	0.365454545	0.135454545	0.063636364	0.006545455	0.553636364	54.73818182	0.02375	0.024	0.004363636	0.049090909	4.011111111	0	0.2186875	0	43	16.16189255	0.194216369	1.495072586	391213.7855	1341	2.5	159376.3738	3773.216517
0	10	0	0	5	0.15	0	0	0	70.90909091	0.02375	0.01	0	0	0.025	0	0	0	0	0	0.006272727	0	0	0.13	66.36363636	7	0.02	1	0	0.028333333	0	177.2727273	0	0	0.115	0	0.684545455	6	0	0	0.015	0	1.555555556	0.365454545	0.135454545	0.063636364	0.006545455	0.553636364	54.73818182	0.02375	0.024	0.004363636	0.049090909	4.011111111	0	0.2186875	0	43	16.16189255	0.194216369	5.758295313	391213.7855	1342	2.5	165106.6282	7605.732043
0	10	0	0	5	0.15	0	0	0	70.90909091	0.02375	0.01	0	0	0.025	0	0	0	0	0	0.006272727	0	0	0.13	66.36363636	7	0.02	1	0	0.028333333	0	177.2727273	0	0	0.115	0	0.684545455	6	0	0	0.015	0	1.555555556	0.365454545	0.135454545	0.063636364	0.006545455	0.553636364	54.73818182	0.02375	0.024	0.004363636	0.049090909	4.011111111	0	0.2186875	0	43	16.16189255	0.194216369	1.618257505	391213.7855	1356	2.5	162342.915	10407.09058
0	10	0	0	5	0.15	0	0	0	70.90909091	0.02375	0.01	0	0	0.025	0	0	0	0	0	0.006272727	0	0	0.13	66.36363636	7	0.02	1	0	0.028333333	0	177.2727273	0	0	0.115	0	0.684545455	6	0	0	0.015	0	1.555555556	0.365454545	0.135454545	0.063636364	0.006545455	0.553636364	54.73818182	0.02375	0.024	0.004363636	0.049090909	4.011111111	0	0.2186875	0	43	16.16189255	0.194216369	1.506892002	391213.7855	1366	2.5	165050.1529	4940.699944
0	10	0	0	5	0.15	0	0	0	70.90909091	0.02375	0.01	0	0	0.025	0	0	0	0	0	0.006272727	0	0	0.13	66.36363636	7	0.02	1	0	0.028333333	0	177.2727273	0	0	0.115	0	0.684545455	6	0	0	0.015	0	1.555555556	0.365454545	0.135454545	0.063636364	0.006545455	0.553636364	54.73818182	0.02375	0.024	0.004363636	0.049090909	4.011111111	0	0.2186875	0	43	16.16189255	0.194216369	2.529275036	391213.7855	1376	2.5	196856.8361	7270.460948
0	10	0	0	5	0.15	0	0	0	70.90909091	0.02375	0.01	0	0	0.025	0	0	0	0	0	0.006272727	0	0	0.13	66.36363636	7	0.02	1	0	0.028333333	0	177.2727273	0	0	0.115	0	0.684545455	6	0	0	0.015	0	1.555555556	0.365454545	0.135454545	0.063636364	0.006545455	0.553636364	54.73818182	0.02375	0.024	0.004363636	0.049090909	4.011111111	0	0.2186875	0	43	16.16189255	0.194216369	1.179302265	391213.7855	1381	2.5	160050.8218	4794.331461
0	10	0	0	5	0.15	0	0	0	70.90909091	0.02375	0.01	0	0	0.025	0	0	0	0	0	0.006272727	0	0	0.13	66.36363636	7	0.02	1	0	0.028333333	0	177.2727273	0	0	0.115	0	0.684545455	6	0	0	0.015	0	1.555555556	0.365454545	0.135454545	0.063636364	0.006545455	0.553636364	54.73818182	0.02375	0.024	0.004363636	0.049090909	4.011111111	0	0.2186875	0	43	16.16189255	0.194216369	1.201460194	391213.7855	1396	2.5	161576.4952	10659.21999
0	10	0	0	5	0.15	0	0	0	70.90909091	0.02375	0.01	0	0	0.025	0	0	0	0	0	0.006272727	0	0	0.13	66.36363636	7	0.02	1	0	0.028333333	0	177.2727273	0	0	0.115	0	0.684545455	6	0	0	0.015	0	1.555555556	0.365454545	0.135454545	0.063636364	0.006545455	0.553636364	54.73818182	0.02375	0.024	0.004363636	0.049090909	4.011111111	0	0.2186875	0	43	16.16189255	0.194216369	6.239892541	391213.7855	1324	2.5	184984.1363	4943.410326
0	10	0	0	5	0.15	0	0	0	70.90909091	0.02375	0.01	0	0	0.025	0	0	0	0	0	0.006272727	0	0	0.13	66.36363636	7	0.02	1	0	0.028333333	0	177.2727273	0	0	0.115	0	0.684545455	6	0	0	0.015	0	1.555555556	0.365454545	0.135454545	0.063636364	0.006545455	0.553636364	54.73818182	0.02375	0.024	0.004363636	0.049090909	4.011111111	0	0.2186875	0	43	16.16189255	0.194216369	0.926528055	391213.7855	1334	2.5	148973.3173	3432.714475
0	10	0	0	5	0.15	0	0	0	70.90909091	0.02375	0.01	0	0	0.025	0	0	0	0	0	0.006272727	0	0	0.13	66.36363636	7	0.02	1	0	0.028333333	0	177.2727273	0	0	0.115	0	0.684545455	6	0	0	0.015	0	1.555555556	0.365454545	0.135454545	0.063636364	0.006545455	0.553636364	54.73818182	0.02375	0.024	0.004363636	0.049090909	4.011111111	0	0.2186875	0	43	16.16189255	0.194216369	1.007795981	391213.7855	1344	2.5	157056.2168	3695.608398
0	10	0	0	5	0.15	0	0	0	70.90909091	0.02375	0.01	0	0	0.025	0	0	0	0	0	0.006272727	0	0	0.13	66.36363636	7	0.02	1	0	0.028333333	0	177.2727273	0	0	0.115	0	0.684545455	6	0	0	0.015	0	1.555555556	0.365454545	0.135454545	0.063636364	0.006545455	0.553636364	54.73818182	0.02375	0.024	0.004363636	0.049090909	4.011111111	0	0.2186875	0	43	16.16189255	0.194216369	0.686817555	391213.7855	1354	2.5	159463.0453	4009.259141
0	10	0	0	5	0.15	0	0	0	70.90909091	0.02375	0.01	0	0	0.025	0	0	0	0	0	0.006272727	0	0	0.13	66.36363636	7	0.02	1	0	0.028333333	0	177.2727273	0	0	0.115	0	0.684545455	6	0	0	0.015	0	1.555555556	0.365454545	0.135454545	0.063636364	0.006545455	0.553636364	54.73818182	0.02375	0.024	0.004363636	0.049090909	4.011111111	0	0.2186875	0	43	16.16189255	0.194216369	0.855469259	391213.7855	1364	2.5	159623.8958	4837.78377
0	10	0	0	5	0.15	0	0	0	70.90909091	0.02375	0.01	0	0	0.025	0	0	0	0	0	0.006272727	0	0	0.13	66.36363636	7	0.02	1	0	0.028333333	0	177.2727273	0	0	0.115	0	0.684545455	6	0	0	0.015	0	1.555555556	0.365454545	0.135454545	0.063636364	0.006545455	0.553636364	54.73818182	0.02375	0.024	0.004363636	0.049090909	4.011111111	0	0.2186875	0	43	16.16189255	0.194216369	0.679452151	391213.7855	1374	2.5	156266.5134	3945.98133
0	10	0	0	5	0.15	0	0	0	70.90909091	0.02375	0.01	0	0	0.025	0	0	0	0	0	0.006272727	0	0	0.13	66.36363636	7	0.02	1	0	0.028333333	0	177.2727273	0	0	0.115	0	0.684545455	6	0	0	0.015	0	1.555555556	0.365454545	0.135454545	0.063636364	0.006545455	0.553636364	54.73818182	0.02375	0.024	0.004363636	0.049090909	4.011111111	0	0.2186875	0	43	16.16189255	0.194216369	0.979519705	391213.7855	1384	2.5	162504.1746	4225.866067
0	10	0	0	5	0.15	0	0	0	70.90909091	0.02375	0.01	0	0	0.025	0	0	0	0	0	0.006272727	0	0	0.13	66.36363636	7	0.02	1	0	0.028333333	0	177.2727273	0	0	0.115	0	0.684545455	6	0	0	0.015	0	1.555555556	0.365454545	0.135454545	0.063636364	0.006545455	0.553636364	54.73818182	0.02375	0.024	0.004363636	0.049090909	4.011111111	0	0.2186875	0	43	16.16189255	0.194216369	0.926402367	391213.7855	1394	2.5	176091.2786	5076.941041
0	10	0	0	5	0.15	0	0	0	70.90909091	0.02375	0.01	0	0	0.025	0	0	0	0	0	0.006272727	0	0	0.13	66.36363636	7	0.02	1	0	0.028333333	0	177.2727273	0	0	0.115	0	0.684545455	6	0	0	0.015	0	1.555555556	0.365454545	0.135454545	0.063636364	0.006545455	0.553636364	54.73818182	0.02375	0.024	0.004363636	0.049090909	4.011111111	0	0.2186875	0	43	16.16189255	0.194216369	0.922405676	391213.7855	1404	2.5	169303.2781	4592.377583
0	10	0	0	5	0.15	0	0	0	70.90909091	0.02375	0.01	0	0	0.025	0	0	0	0	0	0.006272727	0	0	0.13	66.36363636	7	0.02	1	0	0.028333333	0	177.2727273	0	0	0.115	0	0.684545455	6	0	0	0.015	0	1.555555556	0.365454545	0.135454545	0.063636364	0.006545455	0.553636364	54.73818182	0.02375	0.024	0.004363636	0.049090909	4.011111111	0	0.2186875	0	43	16.16189255	0.194216369	0.722792334	391213.7855	1414	2.5	163373.265	5032.192208
0	10	0	0	5	0.15	0	0	0	70.90909091	0.02375	0.01	0	0	0.025	0	0	0	0	0	0.006272727	0	0	0.13	66.36363636	7	0.02	1	0	0.028333333	0	177.2727273	0	0	0.115	0	0.684545455	6	0	0	0.015	0	1.555555556	0.365454545	0.135454545	0.063636364	0.006545455	0.553636364	54.73818182	0.02375	0.024	0.004363636	0.049090909	4.011111111	0	0.2186875	0	43	16.16189255	0.194216369	0.693465105	391213.7855	1424	2.5	179272.3198	5277.950063
0	10	0	0	5	0.15	0	0	0	70.90909091	0.02375	0.01	0	0	0.025	0	0	0	0	0	0.006272727	0	0	0.13	66.36363636	7	0.02	1	0	0.028333333	0	177.2727273	0	0	0.115	0	0.684545455	6	0	0	0.015	0	1.555555556	0.365454545	0.135454545	0.063636364	0.006545455	0.553636364	54.73818182	0.02375	0.024	0.004363636	0.049090909	4.011111111	0	0.2186875	0	43	16.16189255	0.194216369	0.334024004	391213.7855	1434	2.5	167498.9927	5162.790494
0	10	0	0	5	0.15	0	0	0	70.90909091	0.02375	0.01	0	0	0.025	0	0	0	0	0	0.006272727	0	0	0.13	66.36363636	7	0.02	1	0	0.028333333	0	177.2727273	0	0	0.115	0	0.684545455	6	0	0	0.015	0	1.555555556	0.365454545	0.135454545	0.063636364	0.006545455	0.553636364	54.73818182	0.02375	0.024	0.004363636	0.049090909	4.011111111	0	0.2186875	0	43	16.16189255	0.194216369	0.771646162	391213.7855	1444	2.5	176812.4809	5276.808461
0	10	0	0	5	0.15	0	0	0	70.90909091	0.02375	0.01	0	0	0.025	0	0	0	0	0	0.006272727	0	0	0.13	66.36363636	7	0.02	1	0	0.028333333	0	177.2727273	0	0	0.115	0	0.684545455	6	0	0	0.015	0	1.555555556	0.365454545	0.135454545	0.063636364	0.006545455	0.553636364	54.73818182	0.02375	0.024	0.004363636	0.049090909	4.011111111	0	0.2186875	0	43	16.16189255	0.194216369	0.776914758	391213.7855	1454	2.5	177466.6884	4370.249132
0	10	0	0	5	0.15	0	0	0	70.90909091	0.02375	0.01	0	0	0.025	0	0	0	0	0	0.006272727	0	0	0.13	66.36363636	7	0.02	1	0	0.028333333	0	177.2727273	0	0	0.115	0	0.684545455	6	0	0	0.015	0	1.555555556	0.365454545	0.135454545	0.063636364	0.006545455	0.553636364	54.73818182	0.02375	0.024	0.004363636	0.049090909	4.011111111	0	0.2186875	0	43	16.16189255	0.194216369	1.113731712	391213.7855	1464	2.5	187573.2824	5541.224089
0	10	0	0	5	0.15	0	0	0	70.90909091	0.02375	0.01	0	0	0.025	0	0	0	0	0	0.006272727	0	0	0.13	66.36363636	7	0.02	1	0	0.028333333	0	177.2727273	0	0	0.115	0	0.684545455	6	0	0	0.015	0	1.555555556	0.365454545	0.135454545	0.063636364	0.006545455	0.553636364	54.73818182	0.02375	0.024	0.004363636	0.049090909	4.011111111	0	0.2186875	0	43	16.16189255	0.194216369	1.134209599	391213.7855	1474	2.5	182294.9661	5595.994204
0	10	0	0	5	0.15	0	0	0	70.90909091	0.02375	0.01	0	0	0.025	0	0	0	0	0	0.006272727	0	0	0.13	66.36363636	7	0.02	1	0	0.028333333	0	177.2727273	0	0	0.115	0	0.684545455	6	0	0	0.015	0	1.555555556	0.365454545	0.135454545	0.063636364	0.006545455	0.553636364	54.73818182	0.02375	0.024	0.004363636	0.049090909	4.011111111	0	0.2186875	0	43	16.16189255	0.194216369	0.954221106	391213.7855	1484	2.5	179992.0748	3757.830567
0	10	0	0	5	0.15	0	0	0	70.90909091	0.02375	0.01	0	0	0.025	0	0	0	0	0	0.006272727	0	0	0.13	66.36363636	7	0.02	1	0	0.028333333	0	177.2727273	0	0	0.115	0	0.684545455	6	0	0	0.015	0	1.555555556	0.365454545	0.135454545	0.063636364	0.006545455	0.553636364	54.73818182	0.02375	0.024	0.004363636	0.049090909	4.011111111	0	0.2186875	0	43	16.16189255	0.194216369	1.111309785	391213.7855	1494	2.5	182173.4839	5480.575549
0	10	0	0	5	0.15	0	0	0	70.90909091	0.02375	0.01	0	0	0.025	0	0	0	0	0	0.006272727	0	0	0.13	66.36363636	7	0.02	1	0	0.028333333	0	177.2727273	0	0	0.115	0	0.684545455	6	0	0	0.015	0	1.555555556	0.365454545	0.135454545	0.063636364	0.006545455	0.553636364	54.73818182	0.02375	0.024	0.004363636	0.049090909	4.011111111	0	0.2186875	0	43	16.16189255	0.194216369	1.232361626	391213.7855	1504	2.5	183496.5151	4631.380049
0	10	0	0	5	0.15	0	0	0	70.90909091	0.02375	0.01	0	0	0.025	0	0	0	0	0	0.006272727	0	0	0.13	66.36363636	7	0.02	1	0	0.028333333	0	177.2727273	0	0	0.115	0	0.684545455	6	0	0	0.015	0	1.555555556	0.365454545	0.135454545	0.063636364	0.006545455	0.553636364	54.73818182	0.02375	0.024	0.004363636	0.049090909	4.011111111	0	0.2186875	0	43	16.16189255	0.194216369	31.45873885	391213.7855	1514	2.5	217397.1958	5374.306051
0	10	0	0	5	0.15	0	0	0	70.90909091	0.02375	0.01	0	0	0.025	0	0	0	0	0	0.006272727	0	0	0.13	66.36363636	7	0.02	1	0	0.028333333	0	177.2727273	0	0	0.115	0	0.684545455	6	0	0	0.015	0	1.555555556	0.365454545	0.135454545	0.063636364	0.006545455	0.553636364	54.73818182	0.02375	0.024	0.004363636	0.049090909	4.011111111	0	0.2186875	0	43	16.16189255	0.194216369	0.710884032	391213.7855	1564	2.5	205415.6836	5283.427677
0	10	0	0	5	0.15	0	0	0	70.90909091	0.02375	0.01	0	0	0.025	0	0	0	0	0	0.006272727	0	0	0.13	66.36363636	7	0.02	1	0	0.028333333	0	177.2727273	0	0	0.115	0	0.684545455	6	0	0	0.015	0	1.555555556	0.365454545	0.135454545	0.063636364	0.006545455	0.553636364	54.73818182	0.02375	0.024	0.004363636	0.049090909	4.011111111	0	0.2186875	0	43	16.16189255	0.194216369	0.647296199	391213.7855	1574	2.5	195221.2305	5283.32977
0	10	0	0	5	0.15	0	0	0	70.90909091	0.02375	0.01	0	0	0.025	0	0	0	0	0	0.006272727	0	0	0.13	66.36363636	7	0.02	1	0	0.028333333	0	177.2727273	0	0	0.115	0	0.684545455	6	0	0	0.015	0	1.555555556	0.365454545	0.135454545	0.063636364	0.006545455	0.553636364	54.73818182	0.02375	0.024	0.004363636	0.049090909	4.011111111	0	0.2186875	0	43	16.16189255	0.194216369	0.798667958	391213.7855	1584	2.5	207197.5481	6146.690831
0	10	0	0	5	0.15	0	0	0	70.90909091	0.02375	0.01	0	0	0.025	0	0	0	0	0	0.006272727	0	0	0.13	66.36363636	7	0.02	1	0	0.028333333	0	177.2727273	0	0	0.115	0	0.684545455	6	0	0	0.015	0	1.555555556	0.365454545	0.135454545	0.063636364	0.006545455	0.553636364	54.73818182	0.02375	0.024	0.004363636	0.049090909	4.011111111	0	0.2186875	0	43	16.16189255	0.194216369	0.872715247	391213.7855	1594	2.5	196003.646	6014.540261
0	10	0	0	5	0.15	0	0	0	70.90909091	0.02375	0.01	0	0	0.025	0	0	0	0	0	0.006272727	0	0	0.13	66.36363636	7	0.02	1	0	0.028333333	0	177.2727273	0	0	0.115	0	0.684545455	6	0	0	0.015	0	1.555555556	0.365454545	0.135454545	0.063636364	0.006545455	0.553636364	54.73818182	0.02375	0.024	0.004363636	0.049090909	4.011111111	0	0.2186875	0	43	16.16189255	0.194216369	0.790045687	391213.7855	1604	2.5	202997.7778	6047.692815
0	10	0	0	5	0.15	0	0	0	70.90909091	0.02375	0.01	0	0	0.025	0	0	0	0	0	0.006272727	0	0	0.13	66.36363636	7	0.02	1	0	0.028333333	0	177.2727273	0	0	0.115	0	0.684545455	6	0	0	0.015	0	1.555555556	0.365454545	0.135454545	0.063636364	0.006545455	0.553636364	54.73818182	0.02375	0.024	0.004363636	0.049090909	4.011111111	0	0.2186875	0	43	16.16189255	0.194216369	14.9301841	391213.7855	1971	2.5	314903.0198	9196.111373
0	10	0	0	5	0.15	0	0	0	70.90909091	0.02375	0.01	0	0	0.025	0	0	0	0	0	0.006272727	0	0	0.13	66.36363636	7	0.02	1	0	0.028333333	0	177.2727273	0	0	0.115	0	0.684545455	6	0	0	0.015	0	1.555555556	0.365454545	0.135454545	0.063636364	0.006545455	0.553636364	54.73818182	0.02375	0.024	0.004363636	0.049090909	4.011111111	0	0.2186875	0	43	16.16189255	0.194216369	9.030440829	391213.7855	1991	2.5	307572.5556	7364.686692
0	10	0	0	5	0.15	0	0	0	70.90909091	0.02375	0.01	0	0	0.025	0	0	0	0	0	0.006272727	0	0	0.13	66.36363636	7	0.02	1	0	0.028333333	0	177.2727273	0	0	0.115	0	0.684545455	6	0	0	0.015	0	1.555555556	0.365454545	0.135454545	0.063636364	0.006545455	0.553636364	54.73818182	0.02375	0.024	0.004363636	0.049090909	4.011111111	0	0.2186875	0	43	16.16189255	0.194216369	2.719470911	391213.7855	2011	2.5	305621.8011	9261.62905
0	10	0	0	5	0.15	0	0	0	70.90909091	0.02375	0.01	0	0	0.025	0	0	0	0	0	0.006272727	0	0	0.13	66.36363636	7	0.02	1	0	0.028333333	0	177.2727273	0	0	0.115	0	0.684545455	6	0	0	0.015	0	1.555555556	0.365454545	0.135454545	0.063636364	0.006545455	0.553636364	54.73818182	0.02375	0.024	0.004363636	0.049090909	4.011111111	0	0.2186875	0	43	16.16189255	0.194216369	4.501748682	391213.7855	2148	2.5	378782.5588	12795.46944
0	10	0	0	5	0.15	0	0	0	70.90909091	0.02375	0.01	0	0	0.025	0	0	0	0	0	0.006272727	0	0	0.13	66.36363636	7	0.02	1	0	0.028333333	0	177.2727273	0	0	0.115	0	0.684545455	6	0	0	0.015	0	1.555555556	0.365454545	0.135454545	0.063636364	0.006545455	0.553636364	54.73818182	0.02375	0.024	0.004363636	0.049090909	4.011111111	0	0.2186875	0	43	16.16189255	0.194216369	5.716304066	391213.7855	2158	2.5	360473.9162	9149.191645
0	10	0	0	5	0.15	0	0	0	70.90909091	0.02375	0.01	0	0	0.025	0	0	0	0	0	0.006272727	0	0	0.13	66.36363636	7	0.02	1	0	0.028333333	0	177.2727273	0	0	0.115	0	0.684545455	6	0	0	0.015	0	1.555555556	0.365454545	0.135454545	0.063636364	0.006545455	0.553636364	54.73818182	0.02375	0.024	0.004363636	0.049090909	4.011111111	0	0.2186875	0	43	16.16189255	0.194216369	4.116740829	391213.7855	2168	2.5	340382.3047	20063.17054
0	10	0	0	5	0.15	0	0	0	70.90909091	0.02375	0.01	0	0	0.025	0	0	0	0	0	0.006272727	0	0	0.13	66.36363636	7	0.02	1	0	0.028333333	0	177.2727273	0	0	0.115	0	0.684545455	6	0	0	0.015	0	1.555555556	0.365454545	0.135454545	0.063636364	0.006545455	0.553636364	54.73818182	0.02375	0.024	0.004363636	0.049090909	4.011111111	0	0.2186875	0	43	16.16189255	0.194216369	5.717882427	391213.7855	2178	2.5	358867.3758	10415.85213
0	10	0	0	5	0.15	0	0	0	70.90909091	0.02375	0.01	0	0	0.025	0	0	0	0	0	0.006272727	0	0	0.13	66.36363636	7	0.02	1	0	0.028333333	0	177.2727273	0	0	0.115	0	0.684545455	6	0	0	0.015	0	1.555555556	0.365454545	0.135454545	0.063636364	0.006545455	0.553636364	54.73818182	0.02375	0.024	0.004363636	0.049090909	4.011111111	0	0.2186875	0	43	16.16189255	0.194216369	3.913311101	391213.7855	2188	2.5	391767.1471	13142.15087
0	10	0	0	5	0.15	0	0	0	70.90909091	0.02375	0.01	0	0	0.025	0	0	0	0	0	0.006272727	0	0	0.13	66.36363636	7	0.02	1	0	0.028333333	0	177.2727273	0	0	0.115	0	0.684545455	6	0	0	0.015	0	1.555555556	0.365454545	0.135454545	0.063636364	0.006545455	0.553636364	54.73818182	0.02375	0.024	0.004363636	0.049090909	4.011111111	0	0.2186875	0	43	16.16189255	0.194216369	5.210043568	391213.7855	2198	2.5	371102.8785	10694.36649
0	10	0	0	5	0.15	0	0	0	70.90909091	0.02375	0.01	0	0	0.025	0	0	0	0	0	0.006272727	0	0	0.13	66.36363636	7	0.02	1	0	0.028333333	0	177.2727273	0	0	0.115	0	0.684545455	6	0	0	0.015	0	1.555555556	0.365454545	0.135454545	0.063636364	0.006545455	0.553636364	54.73818182	0.02375	0.024	0.004363636	0.049090909	4.011111111	0	0.2186875	0	43	16.16189255	0.194216369	4.135003703	391213.7855	2208	2.5	369368.3667	22256.58389
0	10	0	0	5	0.15	0	0	0	70.90909091	0.02375	0.01	0	0	0.025	0	0	0	0	0	0.006272727	0	0	0.13	66.36363636	7	0.02	1	0	0.028333333	0	177.2727273	0	0	0.115	0	0.684545455	6	0	0	0.015	0	1.555555556	0.365454545	0.135454545	0.063636364	0.006545455	0.553636364	54.73818182	0.02375	0.024	0.004363636	0.049090909	4.011111111	0	0.2186875	0	43	16.16189255	0.194216369	5.451283268	391213.7855	2218	2.5	375383.0349	9624.157817
0	10	0	0	5	0.15	0	0	0	70.90909091	0.02375	0.01	0	0	0.025	0	0	0	0	0	0.006272727	0	0	0.13	66.36363636	7	0.02	1	0	0.028333333	0	177.2727273	0	0	0.115	0	0.684545455	6	0	0	0.015	0	1.555555556	0.365454545	0.135454545	0.063636364	0.006545455	0.553636364	54.73818182	0.02375	0.024	0.004363636	0.049090909	4.011111111	0	0.2186875	0	43	16.16189255	0.194216369	5.685861069	391213.7855	2228	2.5	405821.6354	13118.79858
0	10	0	0	5	0.15	0	0	0	70.90909091	0.02375	0.01	0	0	0.025	0	0	0	0	0	0.006272727	0	0	0.13	66.36363636	7	0.02	1	0	0.028333333	0	177.2727273	0	0	0.115	0	0.684545455	6	0	0	0.015	0	1.555555556	0.365454545	0.135454545	0.063636364	0.006545455	0.553636364	54.73818182	0.02375	0.024	0.004363636	0.049090909	4.011111111	0	0.2186875	0	43	16.16189255	0.194216369	2.940484773	391213.7855	2238	2.5	379827.4921	9486.627751
0	10	0	0	5	0.15	0	0	0	70.90909091	0.02375	0.01	0	0	0.025	0	0	0	0	0	0.006272727	0	0	0.13	66.36363636	7	0.02	1	0	0.028333333	0	177.2727273	0	0	0.115	0	0.684545455	6	0	0	0.015	0	1.555555556	0.365454545	0.135454545	0.063636364	0.006545455	0.553636364	54.73818182	0.02375	0.024	0.004363636	0.049090909	4.011111111	0	0.2186875	0	43	16.16189255	0.194216369	3.166276732	391213.7855	2248	2.5	370683.3881	23313.84019
0	10	0	0	5	0.15	0	0	0	70.90909091	0.02375	0.01	0	0	0.025	0	0	0	0	0	0.006272727	0	0	0.13	66.36363636	7	0.02	1	0	0.028333333	0	177.2727273	0	0	0.115	0	0.684545455	6	0	0	0.015	0	1.555555556	0.365454545	0.135454545	0.063636364	0.006545455	0.553636364	54.73818182	0.02375	0.024	0.004363636	0.049090909	4.011111111	0	0.2186875	0	43	16.16189255	0.194216369	4.862485743	391213.7855	2258	2.5	435102.0273	14090.23311
